23,6
17,4
17,6
6,4
8,4
4294967294,394
4294967294,22
4294967294,36
4294967294,39
4294967294,417
4294967294,1035
4294967294,68
4294967294,104
4294967294,106
4294967293,131
4294967293,130
4294967293,129
4294967293,128
4294967293,127
4294967293,126
4294967293,125
4294967293,124
4294967293,123
4294967293,122
4294967293,121
4294967293,120
4294967293,119
4294967293,118
4294967293,117
4294967293,116
4294967293,115
4294967293,114
4294967293,113
4294967293,112
4294967293,111
4294967293,110
4294967293,109
4294967293,108
4294967293,107
4294967293,106
4294967293,105
4294967293,104
4294967293,103
4294967293,102
4294967293,101
4294967293,100
4294967293,99
4294967293,98
4294967293,97
4294967293,96
4294967293,95
4294967293,94
4294967293,93
4294967293,92
4294967293,91
4294967293,90
4294967293,89
4294967293,87
4294967293,86
4294967293,85
4294967293,84
4294967293,83
4294967293,82
4294967293,81
4294967293,80
4294967293,79
4294967293,78
4294967293,77
4294967293,76
4294967293,75
4294967293,74
4294967293,73
4294967293,72
4294967293,71
4294967293,70
4294967293,69
4294967293,68
4294967293,67
4294967293,66
4294967293,65
4294967293,64
4294967293,63
4294967293,62
4294967293,61
4294967293,60
4294967293,59
4294967293,58
4294967293,57
4294967293,56
4294967293,55
4294967293,54
4294967293,53
4294967293,52
4294967293,51
4294967293,50
4294967293,49
4294967293,48
4294967293,47
4294967293,46
4294967293,45
4294967293,44
4294967293,43
4294967293,42
4294967293,41
4294967293,40
4294967293,39
4294967293,38
4294967293,37
4294967293,36
4294967293,35
4294967293,34
4294967293,33
4294967293,32
4294967293,31
4294967293,30
4294967293,29
4294967293,28
4294967293,27
4294967293,26
4294967293,25
4294967293,24
4294967293,23
4294967293,22
4294967293,21
4294967293,20
4294967293,19
4294967293,18
4294967293,17
4294967293,16
4294967293,15
4294967293,14
4294967293,13
4294967293,12
4294967293,11
4294967293,10
4294967293,9
4294967293,8
4294967293,7
4294967293,6
4294967293,5
4294967293,4
4294967293,3
4294967278,132
4294967278,256
4294967278,129
4294967278,127
4294967278,378
4294967278,123
4294967278,372
4294967278,122
4294967278,298
4294967278,243
4294967278,117
4294967278,227
4294967278,108
4294967278,285
4294967278,308
4294967278,92
4294967278,371
4294967278,91
4294967278,376
4294967278,86
4294967278,305
4294967278,82
4294967278,370
4294967278,75
4294967278,277
4294967278,368
4294967278,65
4294967278,383
4294967278,64
4294967278,342
4294967278,341
4294967278,54
4294967278,340
4294967278,53
4294967278,260
4294967278,293
4294967278,52
4294967278,291
4294967278,50
4294967278,290
4294967278,49
4294967278,382
4294967278,48
4294967278,47
4294967278,384
4294967278,46
4294967278,288
4294967278,45
4294967278,330
4294967278,44
4294967278,381
4294967278,43
4294967278,42
4294967278,375
4294967278,40
4294967278,367
4294967278,39
4294967278,374
4294967278,380
4294967278,373
4294967278,379
4294967278,351
4294967278,174
4294967278,0
4294967279,445
4294967279,443
4294967279,102
4294967279,438
4294967279,91
4294967279,90
4294967279,87
4294967279,85
4294967279,84
4294967279,437
4294967279,436
4294967279,82
4294967279,80
4294967279,79
4294967279,78
4294967279,434
4294967279,433
4294967279,441
4294967279,55
4294967279,283
4294967279,54
4294967279,411
4294967279,53
4294967279,449
4294967279,52
4294967279,51
4294967279,50
4294967279,49
4294967279,48
4294967279,47
4294967279,297
4294967279,46
4294967279,157
4294967279,45
4294967279,431
4294967279,44
4294967279,43
4294967279,41
4294967279,0
4294967279,415
4294967279,440
4294967279,40
4294967279,430
4294967279,39
4294967279,38
4294967279,37
4294967279,36
4294967279,295
4294967279,35
4294967279,34
4294967279,33
4294967279,32
4294967279,31
4294967279,439
4294967279,30
4294967279,293
4294967279,29
4294967279,28
4294967279,27
4294967279,26
4294967279,278
4294967279,25
4294967279,277
4294967279,24
4294967279,23
4294967279,22
4294967279,21
4294967279,291
4294967279,20
4294967279,429
4294967279,19
4294967279,282
4294967279,18
4294967279,17
4294967279,16
4294967279,397
4294967279,15
4294967279,428
4294967279,288
4294967279,14
4294967279,268
4294967279,13
4294967279,9
4294967279,7
4294967279,174
4294967279,2
4294967279,4
23,5
23,4
23,1
4294967294,173
4294967294,1419
4294967294,1698
4294967294,2
4294967294,1422
4294967294,1
4294967278,202
4294967294,5
4294967279,81
4294967294,107
4294967294,24
4294967294,17
4294967294,67
4294967294,99
4294967294,76
4294967294,42
4294967294,41
4294967294,52
4294967294,92
4294967294,91
4294967294,90
4294967294,88
4294967294,87
4294967294,86
4294967294,85
4294967294,84
4294967294,83
4294967294,396
4294967294,410
4294967294,449
4294967294,108
4294967294,110
4294967294,25
4294967294,40
4294967294,38
4294967294,37
4294967279,478
4294967279,89
4294967278,85
4294967278,307
4294967278,197
4294967278,196
4294967294,96
4294967294,94
4294967294,82
4294967294,29
4294967294,28
4294967294,27
4294967294,26
4294967294,53
4294967294,45
4294967294,51
4294967294,43
4294967294,44
24,5
4294967278,195
24,4
24,3
24,2
24,1
4294967279,435
4294967278,194
4294967294,8
4294967294,7
4294967294,6
4294967294,1537
4294967294,878
4294967294,1413
4294967278,192
4294967294,876
4294967294,471
4294967294,12
4294967294,81
4294967294,11
4294967294,188
4294967294,172
4294967294,171
4294967294,170
4294967294,1667
4294967294,473
4294967294,1045
4294967294,1420
4294967294,1671
4294967278,369
4294967279,448
4294967294,1669
4294967294,1668
4294967294,1220
4294967294,409
4294967294,425
4294967294,1187
4294967294,295
4294967294,186
4294967294,293
4294967294,292
4294967294,290
4294967294,159
4294967294,287
4294967294,285
4294967294,284
4294967294,283
4294967294,279
4294967294,278
4294967294,277
4294967294,276
4294967294,272
4294967294,267
4294967294,266
4294967294,264
4294967294,263
4294967294,989
4294967294,262
4294967294,261
4294967294,258
4294967294,254
4294967294,251
4294967294,249
4294967294,248
4294967294,245
4294967294,243
4294967294,239
4294967294,238
4294967294,234
4294967294,226
4294967294,225
4294967294,222
4294967294,220
4294967294,218
4294967294,217
4294967294,216
4294967294,1217
4294967294,213
4294967294,212
4294967294,152
4294967294,210
4294967294,208
4294967294,206
4294967294,205
4294967294,204
4294967294,203
4294967294,201
4294967294,200
4294967294,193
4294967294,831
4294967294,830
4294967294,829
4294967294,825
4294967294,823
4294967294,821
4294967294,820
4294967294,818
4294967294,817
4294967294,816
4294967294,812
4294967294,810
4294967294,808
4294967294,806
4294967294,805
4294967294,804
4294967294,799
4294967294,798
4294967294,796
4294967294,794
4294967294,791
4294967294,790
4294967294,789
4294967294,788
4294967294,787
4294967294,786
4294967294,785
4294967294,157
4294967294,783
4294967294,782
4294967294,780
4294967294,777
4294967294,775
4294967294,771
4294967294,770
4294967294,765
4294967294,764
4294967294,762
4294967294,761
4294967294,760
4294967294,759
4294967294,758
4294967294,461
4294967294,757
4294967294,754
4294967294,753
4294967294,752
4294967294,751
4294967294,749
4294967294,748
4294967294,747
4294967294,746
4294967294,744
4294967294,742
4294967294,741
4294967294,739
4294967294,738
4294967294,736
4294967294,735
4294967294,0
4294967294,734
4294967294,733
4294967294,730
4294967294,724
4294967294,723
4294967294,722
4294967294,718
4294967294,717
4294967294,716
4294967294,715
4294967294,714
4294967294,711
4294967294,707
4294967294,705
4294967294,703
4294967294,702
4294967294,701
4294967294,700
4294967294,696
4294967294,137
4294967294,1218
4294967294,695
4294967294,694
4294967294,691
4294967294,690
4294967294,687
4294967294,686
4294967294,685
4294967294,684
4294967294,682
4294967294,681
4294967294,680
4294967294,678
4294967294,675
4294967294,672
4294967294,671
4294967294,670
4294967294,131
4294967294,668
4294967294,666
4294967294,662
4294967294,659
4294967294,657
4294967294,656
4294967294,655
4294967294,652
4294967294,651
4294967294,650
4294967294,649
4294967294,648
4294967294,645
4294967294,644
4294967294,642
4294967294,641
4294967294,640
4294967294,637
4294967294,634
4294967294,632
4294967294,631
4294967294,627
4294967294,129
4294967294,624
4294967294,620
4294967294,617
4294967294,132
4294967294,629
4294967294,613
1,0
4294967294,612
4294967294,143
4294967294,611
4294967294,610
4294967294,156
4294967294,609
4294967294,608
4294967294,607
4294967294,1433
4294967294,606
4294967294,141
4294967294,133
4294967294,605
4294967294,142
4294967294,814
4294967294,811
4294967279,432
4294967278,366
4294967278,365
4294967278,364
4294967278,363
4294967279,281
4294967278,320
4294967278,314
4294967294,1423
4294967294,1411
4294967294,975
4294967294,1408
4294967294,1409
4294967294,502
4294967294,420
4294967294,1410
4294967294,500
4294967294,498
4294967294,497
4294967294,458
4294967294,1424
4294967294,1465
4294967294,1414
4294967294,578
4294967294,1467
4294967294,577
4294967294,1463
4294967294,1471
4294967294,1439
4294967294,586
4294967294,1595
4294967294,1456
4294967294,1458
4294967294,584
4294967294,1469
4294967294,1448
4294967294,430
4294967294,1464
4294967294,1444
4294967294,1468
4294967294,1596
4294967294,579
4294967294,1453
4294967294,1443
4294967294,1446
4294967294,1450
4294967294,446
4294967294,454
4294967294,603
4294967294,1434
4294967294,602
4294967294,439
4294967294,432
4294967294,1560
4294967294,542
4294967294,541
4294967294,540
4294967294,539
